kinematics:
  shoulder:
    x: 0
    y: 0
    z: 0.1625134425523304
    roll: -0
    pitch: 0
    yaw: 5.315711138647629e-08
  upper_arm:
    x: 0.000300915150907851
    y: 0
    z: 0
    roll: 1.571659987714477
    pitch: 0
    yaw: 1.155342090832558e-06
  forearm:
    x: -0.4249536100418752
    y: 0
    z: 0
    roll: 3.140858652067472
    pitch: 3.141065383898231
    yaw: 3.141581851193229
  wrist_1:
    x: -0.3922353894477613
    y: -0.001171506236920081
    z: 0.1337997346972175
    roll: 0.008755445624588536
    pitch: 0.0002860523431017214
    yaw: 7.215921353974553e-06
  wrist_2:
    x: 5.620166987673597e-05
    y: -0.09948910981796041
    z: 0.0002201494606859632
    roll: 1.568583530823855
    pitch: 0
    yaw: -3.513049549874747e-07
  wrist_3:
    x: 9.062061300900664e-06
    y: 0.09947787349620175
    z: 0.0001411778743239612
    roll: 1.572215514545703
    pitch: 3.141592653589793
    yaw: 3.141592633687631
  hash: calib_7977937988884314362